16 8
2 9 6 1 9 3 5 5 5 10 6 8 9 9 7 2
9 5 1 4 7 3 7 7 3 1 1 3 9 1 7 2
5 6 6 5 6 10 1 1 6 4 3 2 9 3 2 3
8 9 8 3 4 9 4 8 10 2 5 1 5 1 8 5
5 3 1 6 8 1 1 8 5 9 8 7 4 9 8 7
9 5 3 7 3 6 4 7 5 9 10 7 9 3 10 1
5 1 6 1 9 9 8 4 6 3 1 9 4 9 6 4
4 1 10 6 9 3 2 6 7 1 4 5 8 1 5 7
8 3 3 5 8 9 5 9 4 6 6 2 6 1 1 9
1 1 9 4 8 4 10 6 10 9 4 2 3 8 10 9
2 9 1 3 5 8 2 7 4 4 7 5 10 2 9 1
4 1 5 5 7 8 3 5 7 5 2 10 2 9 4 2
9 10 5 3 3 7 10 2 5 5 2 9 5 2 2 4
5 9 9 8 9 4 5 2 10 6 4 1 9 2 9 1
8 3 7 3 10 10 5 8 9 4 10 5 4 10 2 9
7 9 2 6 1 3 6 1 10 2 6 8 1 7 7 10
